COOPERATIVA DE RECICLAGEM
AMBIENTAL PLASFERRO
